77277827792780278127822783278427852786278727882789279027912792279327942795279627972798279928002801280228032804280528062807280828
09281028112812281328142815281628172818281928202821282228232824282528262827282828292830283128322833283428352836283728382839284028
41284228432844284528462847284828492850285128522853285428552856285728582859286028612862286328642865286628672868286928702871287228
73287428752876287728782879288028812882288328842885288628872888288928902891289228932894289528962897289828992900290129022903290429
05290629072908290929102911291229132914291529162917291829192920292129222923292429252926292729282929293029312932293329342935293629
37293829392940294129422943294429452946294729482949295029512952295329542955295629572958295929602961296229632964296529662967296829
6929702971297229732974297529762977.2978297929802981298229832984298529862987298829892990299129922993299429952996299729982999300030
01300230033004300530063007300830093010301130123013301430153016301730183019302030213022302330243025302630273028302930303031303230
33303430353036303730383039304030413042304330443045304630473048304930503051305230533054305530563057305830593060306130623063306430
65306630673068306930703071307230733074307530763077307830793080308130823083308430853086308730883089309030913092309330943095309630
97309830993100310131023103310431053106310731083109311031113112311331143115311631173118311931203121312231233124312531263127312831
29313031313132313331343135313631373138313931403141314231433144314531463147314831493150315131523153315431553156315731583159316031
61316231633164316531663167316831693170317131723173317431753176317731783179318031813182318331843185318631873188318931903191319231
93319431953196319731983199320032013202320332043205320632073208320932103211321232133214321532163217321832193220322132223223322432
25322632273228322932303231323232333234323532363237323832393240324132423243324432453246324732483249325032513252325332543255325632
57325832593260326132623263326432653266326732683269327032713272327332743275327632773278327932803281328232833284328532863287328832
89329032913292329332943295329632973298329933003301330233033304330533063307330833093310331133123313331433153316331733183319332033
21332233233324332533263327332833293330333133323333333433353336333733383339334033413342334333443345334633473348334933503351335233
53335433553356335733583359336033613362336333643365336633673368336933703371337233733374337533763377337833793380338133823383338433
85338633873388338933903391339233933394339533963397339833993400340134023403340434053406340734083409341034113412341334143415341634
17341834193420342134223423342434253426342734283429343034313432343334343435343634373438343934403441344234433444344534463447344834
49345034513452345334543455345634573458345934603461346234633464346534663467346834693470347134723473347434753476347734783479348034
81348234833484348534863487348834893490349134923493349434953496349734983499350035013502350335043505350635073508350935103511351235
13351435153516351735183519352035213522352335243525352635273528352935303531353235333534353535363537353835393540354135423543354435
45354635473548354935503551355235533554355535563557355835593560356135623563356435653566356735683569357035713572357335743575357635
77357835793580358135823583358435853586358735883589359035913592359335943595359635973598359936003601360236033604360536063607360836
09361036113612361336143615361636173618361936203621362236233624362536263627362836293630363136323633363436353636363736383639364036
41364236433644364536463647364836493650365136523653365436553656365736583659366036613662366336643665366636673668366936703671367236
73367436753676367736783679368036813682368336843685368636873688368936903691369236933694369536963697369836993700370137023703370437
05370637073708370937103711371237133714371537163717371837193720372137223723372437253726372737283729373037313732373337343735373637
37373837393740374137423743374437453746374737483749375037513752375337543755375637573758375937603761376237633764376537663767376837
69377037713772377337743775377637773778377937803781378237833784378537863787378837893790379137923793379437953796379737983799380038
01380238033804380538063807380838093810381138123813381438153816381738183819382038213822382338243825382638273828382938303831383238
33383438353836383738383839384038413842384338443845384638473848384938503851385238533854385538563857385838593860386138623863386438
65386638673868386938703871387238733874387538763877387838793880388138823883388438853886388738883889389038913892389338943895389638
97389838993900390139023903390439053906390739083909391039113912391339143915391639173918391939203921392239233924392539263927392839
29393039313932393339343935393639373938393939403941394239433944394539463947394839493950395139523953395439553956395739583959396039
61396239633964396539663967396839693970397139723973397439753976397739783979398039813982398339843985398639873988398939903991399239
93399439953996399739983999400040014002400340044005400640074008400940104011401240134014401540164017401840194020402140224023402440
25402640274028402940304031403240334034403540364037403840394040404140424043404440454046404740484049405040514052405340544055405640
57405840594060406140624063406440654066406740684069407040714072407340744075407640774078407940804081408240834084408540864087408840
89409040914092409340944095409640974098409941004101410241034104410541064107410841094110411141124113411441154116411741184119412041
21412241234124412541264127412841294130413141324133413441354136413741384139414041414142414341444145414641474148414941504151415241
53415441554156415741584159416041614162416341644165416641674168416941704171417241734174417541764177417841794180418141824183418441
85418641874188418941904191419241934194419541964197419841994200420142024203420442054206420742084209421042114212421342144215421642
17421842194220422142224223422442254226422742284229423042314232423342344235423642374238423942404241424242434244424542464247424842
49425042514252425342544255425642574258425942604261426242634264426542664267426842694270427142724273427442754276427742784279428042
81428242834284428542864287428842894290429142924293429442954296429742984299430043014302430343044305430643074308430943104311431243
13431443154316431743184319432043214322432343244325432643274328432943304331433243334334433543364337433843394340434143424343434443
45434643474348434943504351435243534354435543564357435843594360436143624363436443654366436743684369437043714372437343744375437643
77437843794380438143824383438443854386438743884389439043914392439343944395439643974398439944004401440244034404440544064407440844
09441044114412441344144415441644174418441944204421442244234424442544264427442844294430443144324433443444354436443744384439444044
41444244434444444544464447444844494450445144524453445444554456445744584459446044614462446344644465446644674468446944704471447244
73447444754476447744784479448044814482448344844485448644874488448944904491449244934494449544964497449844994500450145024503450445
05450645074508450945104511451245134514451545164517451845194520452145224523452445254526452745284529453045314532453345344535453645
37453845394540454145424543454445454546454745484549455045514552455345544555455645574558455945604561456245634564456545664567456845
69457045714572457345744575457645774578457945804581458245834584458545864587458845894590459145924593459445954596459745984599460046
01460246034604460546064607460846094610461146124613461446154616461746184619462046214622462346244625462646274628462946304631463246
33463446354636463746384639464046414642464346444645464646474648464946504651465246534654465546564657465846594660466146624663466446
65466646674668466946704671467246734674467546764677467846794680468146824683468446854686468746884689469046914692469346944695469646
97469846994700470147024703470447054706470747084709471047114712471347144715471647174718471947204721472247234724472547264727472847
29473047314732473347344735473647374738473947404741474247434744474547464747474847494750475147524753475447554756475747584759476047
3